5 0
8 0
7 1
9 0
14 0
6 0
20 0
10 0
5 0
6 0
5 0
5 0
8 0
9 0
0 7
6 0
8 0
19 0
27 0
13 0
7 0
10 0
7 9
12 0
6 0
14 0
5 0
10 4
5 0
10 3
14 0
8 0
10 0
13 0
12 0
6 0
0 9
23 0
13 0
11 0
0 8
14 0
8 0
7 0
8 0
7 0
5 0
19 0
7 0
27 0
8 0
14 0
6 0
8 0
6 0
7 0
8 0
16 0
13 0
6 0
7 0
7 0
0 8
0 8
6 0
11 0
26 0
15 0
11 0
7 0
0 15
8 0
21 0
0 12
9 0
7 0
10 10
12 0
0 10
0 5
17 0
6 0
21 0
10 0
20 0
12 0
7 0
0 6
8 0
7 0
9 0
8 0
5 0
10 0
13 0
7 0
14 0
6 0
10 0
10 0
9 0
6 0
7 0
0 6
10 0
7 0
18 0
6 0
10 0
7 0
0 13
5 0
13 0
11 0
0 6
7 0
5 0
18 0
11 0
6 0
0 12
21 0
6 0
10 0
11 0
12 0
14 0
11 0
7 0
0 37
5 0
16 0
6 0
0 6
8 15
15 0
8 0
13 0
19 0
7 0
0 11
8 0
0 11
7 0
8 0
20 0
12 0
7 0
8 0
8 0
29 0
13 0
6 4
0 11
8 0
8 0
7 0
0 15
9 8
9 0
9 0
5 0
14 0
24 0
0 5
0 14
9 0
6 0
7 0
13 0
20 0
0 19
20 0
18 0
17 0
6 0
9 0
13 0
0 6
5 0
12 0
5 0
9 0
0 13
22 0
9 0
5 0
9 0
10 0
0 6
8 0
6 0
7 0
11 0
13 0
8 0
0 9
6 0
7 0
10 0
18 0
10 0
13 0
15 0
7 0
15 0
8 0
7 0
5 0
12 0
10 0
7 0
31 0
0 15
7 0
6 0
5 0
7 0
6 0
8 0
0 7
16 0
7 0
9 14
20 0
11 0
11 0
0 8
6 0
9 0
16 0
9 0
0 6
7 0
21 0
15 0
9 17
17 0
12 0
10 0
11 0
14 0
1 12
8 0
13 0
10 0
10 0
5 0
5 0
10 0
13 0
9 0
6 0
5 0
9 0
12 0
6 0
5 0
10 0
0 15
0 8
20 0
5 0
8 0
0 8
23 0
8 0
0 7
6 0
12 0
5 0
10 0
7 0
16 0
14 0
9 0
18 0
10 0
11 0
25 0
7 0
6 0
0 19
25 0
9 0
6 6
0 5
0 25
8 0
0 9
11 0
0 10
13 0
28 0
0 11
0 11
27 0
5 0
0 10
15 0
9 0
5 0
15 0
7 0
11 0
7 0
13 0
10 0
10 0
14 0
11 0
14 0
0 10
10 0
11 0
7 1
0 9
13 0
0 9
7 0
5 0
12 0
5 0
14 0
6 0
10 0
0 11
10 0
8 0
0 10
0 5
7 0
9 0
7 0
6 0
0 9
7 0
8 0
9 0
0 10
12 0
5 0
6 0
13 0
5 0
13 0
0 9
14 0
0 16
12 0
0 6
10 0
0 5
15 0
6 0
13 8
7 0
6 0
13 0
13 0
7 0
0 8
12 0
10 0
7 0
11 0
16 0
14 0
0 13
13 0
0 11
15 0
15 5
16 0
8 0
12 0
8 0
19 0
14 0
6 0
5 0
14 1
5 0
8 0
22 0
9 0
5 0
0 9
0 7
0 7
9 0
11 0
9 0
14 0
9 0
15 0
22 0
7 0
9 0
30 0
8 0
8 0
10 0
17 0
0 6
9 0
19 0
14 0
14 0
7 0
0 5
5 0
21 0
10 0
8 0
13 0
11 0
7 0
14 0
9 0
15 0
9 0
24 0
6 0
11 0
9 0
8 0
15 0
9 0
9 0
12 0
5 0
23 0
6 0
19 0
7 0
12 0
7 0
8 0
5 0
0 20
0 5
0 7
0 8
0 9
0 13
9 0
0 18
18 0
14 0
11 0
10 0
11 0
8 0
11 0
5 0
5 0
8 0
38 0
25 0
0 13
15 0
7 0
10 0
29 0
9 0
10 0
8 0
0 31
7 0
17 0
0 6
19 0
24 0
9 0
12 0
13 0
9 0
13 0
15 0
6 0
11 0
8 0
15 0
7 0
0 37
9 0
6 0
20 0
7 0
16 0
5 0
9 1
8 0
15 0
5 0
12 0
24 0
8 0
5 0
0 16
0 8
8 0
0 6
8 0
0 5
11 0
24 0
0 13
10 0
0 9
9 0
9 0
15 0
11 0
21 0
0 5
6 0
16 0
9 0
0 6
12 0
6 0
16 0
7 0
20 0
16 0
0 10
0 6
5 0
18 0
14 0
13 0
0 12
21 0
11 0
5 0
6 0
7 0
15 0
5 0
22 0
0 9
8 0
0 6
16 0
8 0
5 0
12 0
0 10
7 0
10 0
16 0
0 6
0 10
0 16
25 0
7 7
0 17
7 0
10 0
5 0
9 0
5 0
14 0
0 8
12 0
0 5
5 0
9 0
12 0
0 5
19 0
8 0
5 0
5 0
8 1
10 0
7 0
13 0
8 0
5 0
0 8
12 0
0 6
6 0
6 0
8 0
14 0
5 0
48 0
18 0
5 0
12 0
12 0
17 0
0 13
6 0
7 0
5 0
20 0
0 13
7 0
9 0
17 0
29 0
7 0
0 8
10 0
14 0
0 24
12 0
0 7
6 0
12 0
20 0
11 0
27 0
0 15
0 9
10 0
0 5
9 0
9 0
7 0
0 22
14 0
8 0
14 0
14 0
21 0
8 0
16 0
0 14
15 0
18 0
9 0
19 0
17 0
0 13
16 0
7 0
5 0
0 5
12 0
6 0
0 11
11 0
6 0
0 11
7 0
6 0
10 0
0 6
9 0
12 0
13 0
5 0
9 0
10 0
10 0
5 0
17 0
11 0
8 0
9 0
11 0
16 0
16 0
5 0
9 0
19 0
0 12
8 0
8 0
9 0
14 0
0 7
5 0
0 6
6 0
15 0
11 0
22 0
5 0
11 0
6 0
22 0
7 0
9 0
0 8
9 0
9 0
5 0
7 0
10 0
7 0
9 0
9 0
7 14
0 27
17 0
10 0
6 0
7 0
15 0
0 5
5 0
10 1
0 17
9 0
11 0
24 0
8 0
14 0
0 11
13 0
7 0
5 0
11 0
0 14
14 0
5 0
5 0
17 0
14 0
0 11
8 0
11 0
5 0
31 0
19 0
8 0
16 0
11 0
10 0
12 0
6 0
11 0
5 0
5 0
8 0
11 0
0 13
14 1
6 0
5 0
15 0
17 0
8 0
7 0
16 0
9 0
9 0
6 0
10 0
0 21
11 0
0 9
39 0
12 0
0 7
11 0
12 0
12 0
0 11
12 0
8 0
12 0
6 0
7 0
10 0
8 0
8 0
8 0
7 0
5 0
8 0
0 7
9 0
12 0
11 0
0 13
0 5
16 0
0 15
0 13
9 0
14 0
9 0
9 0
7 0
0 18
12 0
13 0
13 0
5 0
0 30
5 0
0 6
6 0
7 0
14 0
9 0
6 0
0 13
5 0
12 0
21 0
25 0
6 0
10 0
16 0
10 0
8 0
7 0
6 0
12 0
0 14
11 0
17 0
0 6
0 6
16 0
13 0
17 0
0 5
10 0
9 0
6 0
0 26
5 0
11 0
10 0
6 0
9 0
5 0
6 0
6 0
8 0
8 0
7 0
8 0
7 0
5 0
6 0
0 5
0 21
8 0
9 0
10 0
13 0
11 0
6 0
5 0
7 0
37 0
11 0
13 0
8 0
0 15
40 0
6 0
0 9
7 0
14 0
17 0
0 5
0 28
13 0
14 0
13 0
11 0
9 0
5 0
14 0
8 0
11 0
10 0
7 0
5 0
18 0
7 0
10 0
11 0
0 16
0 23
7 0
9 0
11 0
20 0
8 0
9 0
18 0
6 0
12 0
8 0
10 0
13 0
12 0
15 0
26 0
10 0
5 0
0 14
0 13
27 0
11 0
26 0
14 0
10 0
0 12
11 0
12 0
15 0
15 0
7 0
7 0
6 0
7 0
0 11
0 6
0 7
5 0
17 0
0 15
6 0
0 6
9 0
7 0
5 0
17 0
10 0
17 0
7 0
0 9
10 0
6 0
17 0
5 0
7 0
14 0
0 15
7 0
12 0
13 0
6 0
10 0
6 0
0 8
14 0
7 0
12 0
6 0
0 6
11 0
5 0
21 0
9 0
10 0
10 1
6 0
12 0
0 5
12 0
6 0
0 5
20 0
10 0
8 0
7 0
18 0
17 0
7 0
11 0
5 0
7 0
12 0
12 0
